ALGO = Normal
EDIFF = 1e-06
EDIFFG = -0.02
EMAX = 11.87287748
EMIN = -0.12712252000000035
ENAUG = 1360
ENCUT = 680.0
IBRION = 2
ISIF = 3
ISMEAR = -5
ISPIN = 2
ISYM = 0
KPAR = 1
KSPACING = 0.25
LAECHG = False
LASPH = True
LCHARG = False
LELF = False
LMAXMIX = 4
LMIXTAU = True
LORBIT = 11
LREAL = Auto
LVTOT = False
LWAVE = False
MAGMOM = 1*0.55 1*-0.17 1*0.15 1*-0.95 1*0.83 1*0.77 1*0.49 1*-0.25 1*0.73 1*0.43 1*0.44 1*-0.71 1*0.28 1*-0.43 1*0.05 1*-0.77 1*-0.41 1*0.96 1*-0.46 1*-0.07 1*0.6 1*0.28 1*-0.72 1*0.89 1*0.6 1*5.31 1*5.27 1*4.64 1*-5.23 1*4.89 1*-4.7 1*5.43 1*-5.36 1*-4.54 1*5.06 1*-4.59 1*4.67 1*-4.66 1*-2.9 1*3.42 1*-3.07 1*3.24 1*-2.76 1*-3.22 1*-2.56 1*-3.34 1*3.18 1*-3.5 1*-2.96 1*3.32 1*-2.9 1*-5.16 1*-4.56 1*4.51 1*5.02 1*5.18 1*-5.13 1*-5.32 1*4.76 1*-4.86 1*-5.42 1*5.06 1*-4.51 1*4.96 1*0.12 1*0.72 1*0.43 1*0.41 1*0.82 1*0.85 1*0.02 1*0.67 1*0.92 1*0.47 1*0.76 1*0.42 1*0.39 1*0.2 1*0.3 1*0.92 1*0.39 1*0.44 1*0.79 1*0.45 1*0.11 1*0.33 1*0.49 1*0.11 1*0.64 1*0.6 1*0.02 1*0.89 1*0.36 1*0.68 1*0.7 1*0.56 1*0.78 1*0.34 1*0.32 1*0.82 1*0.11 1*0.87 1*0.49 1*0.99 1*0.23 1*0.29 1*0.65 1*0.42 1*0.99 1*0.95 1*0.93 1*0.18 1*0.33 1*0.4 1*0.82 1*0.66 1*0.67 1*0.06 1*0.97 1*0.9 1*0.11 1*0.75 1*0.61 1*0.14 1*0.66 1*0.7 1*0.6 1*0.82
METAGGA = R2scan
NBANDS = 861
NCORE = 32
NEDOS = 501
NELECT = 1177.999999
NELM = 500
NSW = 0
POTIM = 0.25
PREC = Accurate
SIGMA = 0.05
TIME = 0.1
